P0: 10.11e+02 0.000000e+00 6.4833e+02 0.000000e+00 0.000000e+00 11.01e+02 3.57e+02 0.000000e+00 0.000000e+00 0.000000e+00 1.000000e+00 0.000000e+00
P_rect_00: 10.11e+02 0.000000e+00 6.4833e+02 0.000000e+00 0.000000e+00 11.01e+02 3.57e+02 0.000000e+00 0.000000e+00 0.000000e+00 1.000000e+00 0.000000e+00
